-0.9676549865229113 -1.0
-0.8706199460916431 -0.15853658536585358
-0.7304582210242578 0.3536585365853646
-0.6226415094339613 0.628048780487805
-0.4393530997304572 0.7378048780487805
-0.30997304582210217 0.847560975609756
-0.15902964959568666 1.0304878048780477
-0.01886792452830144 1.1585365853658538
0.07816711590296488 1.2134146341463414
0.1644204851752027 1.23170731707317
0.261455525606469 1.23170731707317
0.3477088948787068 1.2134146341463414
0.44474393530997314 1.1036585365853662
0.5417789757412415 0.9939024390243905
0.703504043126685 0.7378048780487805
0.789757412398923 0.6097560975609746
0.8544474393531005 0.5182926829268295
0.9622641509433971 0.5182926829268295
1.0700808625336937 0.554878048780487
1.1778975741239899 0.6097560975609746
1.2749326145552562 0.5731707317073174
1.393530997304583 0.49999999999999933
1.5013477088948792 0.4451219512195115
1.6091644204851758 0.4451219512195115
1.7061994609164421 0.554878048780487
1.8032345013477102 0.7743902439024379
1.9002695417789766 0.9939024390243905
2.0188679245283034 1.23170731707317
2.094339622641511 1.3048780487804867
2.180592991913747 1.3414634146341458
2.309973045822104 1.2865853658536577
2.39622641509434 1.195121951219511
2.482479784366578 1.048780487804878
2.5902964959568746 0.847560975609756
2.6873315363881405 0.591463414634146
2.795148247978437 0.298780487804877
2.8598382749326148 0.0975609756097564
2.924528301886792 -0.10365853658536583
3.0107816711590303 -0.39634146341463494
3.1401617250673874 -0.9817073170731714
