-1.043126684636119 -1.0
-1.0215633423180586 -0.6158536585365859
-1.0 -0.14024390243902318
-0.8814016172506733 0.628048780487805
-0.7951482479784353 0.7012195121951232
-0.6981132075471691 0.7378048780487805
-0.6010781671159029 0.7195121951219519
-0.47169811320754595 0.6646341463414625
-0.3423180592991909 0.7195121951219519
-0.23450134770889441 0.8109756097560987
-0.1482479784366565 0.8292682926829273
-0.02964959568733172 0.884146341463415
0.2506738544474407 0.884146341463415
0.3153638814016182 0.8292682926829273
0.4555256064690034 0.628048780487805
0.5633423180592998 0.4817073170731705
0.6495956873315378 0.42682926829268286
0.7358490566037739 0.40853658536585424
0.8328840970350402 0.4634146341463419
0.9407008086253366 0.5000000000000009
1.0485175202156332 0.4817073170731705
1.1671159029649596 0.4451219512195115
1.3396226415094339 0.3902439024390254
1.4905660377358494 0.371951219512195
1.5876010781671175 0.554878048780487
1.6415094339622645 0.6829268292682928
1.7601078167115913 1.0670731707317072
1.9002695417789766 1.304878048780488
2.008086253369273 1.3597560975609762
2.1482479784366584 1.2865853658536577
2.299191374663074 1.048780487804878
2.4609164420485174 0.6463414634146338
2.6442048517520216 0.11585365853658502
2.7628032345013485 -0.37804878048780455
2.913746630727764 -0.9451219512195123
