-1.0367965367965366 -1.0182926829268286
-1.0151515151515147 -0.48780487804878003
-0.917748917748918 -0.012195121951219079
-0.8744588744588744 0.17073170731707443
-0.7445887445887442 0.29878048780487876
-0.6255411255411256 0.2804878048780499
-0.5064935064935061 0.2073170731707319
-0.4307359307359302 0.2073170731707319
-0.3441558441558439 0.24390243902438913
-0.29004329004328966 0.2804878048780499
-0.21428571428571375 0.29878048780487876
0.02380952380952328 0.335365853658536
0.22943722943722955 0.3536585365853664
0.29437229437229506 0.2804878048780499
0.33766233766233755 0.2621951219512195
0.3809523809523814 0.2073170731707319
0.4891774891774894 0.042682926829268775
0.5432900432900438 0.0060975609756095395
0.608225108225108 -0.04878048780487809
0.781385281385282 0.06097560975609917
0.9220779220779223 0.15243902439024404
0.9978354978354984 0.15243902439024404
1.0844155844155847 0.11585365853658502
1.2467532467532467 0.02439024390243838
1.3658008658008653 0.0060975609756095395
1.4632034632034632 0.02439024390243838
1.5281385281385278 0.06097560975609917
1.5930735930735933 0.2073170731707319
1.6904761904761902 0.5182926829268295
1.7445887445887442 0.6646341463414625
1.82034632034632 0.847560975609756
1.8744588744588744 0.9573170731707314
1.95021645021645 1.048780487804878
2.036796536796537 1.0304878048780495
2.1233766233766236 0.9756097560975601
2.199134199134199 0.8658536585365848
2.274891774891775 0.7195121951219519
2.361471861471861 0.5000000000000009
2.5021645021645025 0.0975609756097564
2.621212121212121 -0.35975609756097415
2.783549783549783 -1.0
