-1.043126684636119 -1.0
-1.0107816711590283 -0.8076923076923067
-0.9245283018867922 -0.4038461538461551
-0.8814016172506733 -0.1346153846153838
-0.7628032345013466 -0.0576923076923076
-0.6442048517520218 -0.09615384615384659
-0.4932614555256064 -0.19230769230769318
-0.32075471698113234 -0.19230769230769318
-0.1913746630727755 -0.17307692307692468
0.13207547169811407 -0.09615384615384659
0.23989218328841044 -0.09615384615384659
0.3477088948787068 -0.17307692307692468
0.43396226415094485 -0.2884615384615399
0.5094339622641506 -0.4230769230769238
0.6172506738544472 -0.3846153846153847
0.7358490566037739 -0.2499999999999991
0.8328840970350402 -0.1346153846153838
0.9407008086253366 -0.1153846153846152
1.016172506738544 -0.17307692307692468
1.1778975741239899 -0.2692307692307695
1.3072776280323448 -0.3076923076923085
1.436657681940702 -0.2692307692307695
1.4905660377358494 -0.2499999999999991
1.5444743935309986 -0.1538461538461542
1.5983827493261455 0.0
1.7277628032345027 0.4038461538461535
1.8032345013477102 0.6153846153846154
1.867924528301888 0.7307692307692306
1.954177897574124 0.7692307692307696
2.008086253369273 0.7692307692307696
2.094339622641511 0.6923076923076916
2.1698113207547167 0.5576923076923077
2.2452830188679247 0.4038461538461535
2.363881401617251 0.05769230769230771
2.4716981132075477 -0.3076923076923085
2.654986522911052 -0.9807692307692314
