-1.0043290043290045 -0.9807692307692314
-0.8961038961038963 -0.461538461538461
-0.8744588744588744 -0.4038461538461551
-0.7878787878787881 -0.4038461538461551
-0.7012987012987015 -0.4423076923076923
-0.582251082251082 -0.538461538461539
-0.4848484848484842 -0.6153846153846152
-0.30086580086580117 -0.6153846153846152
-0.16017316017315975 -0.6346153846153857
0.00216450216450248 -0.5961538461538466
0.09956709956709942 -0.538461538461539
0.17532467532467555 -0.5192307692307704
0.24025974025973973 -0.5192307692307704
0.31601731601731586 -0.5961538461538466
0.4891774891774894 -0.8461538461538476
0.6948051948051943 -0.5769230769230762
0.781385281385282 -0.4807692307692314
0.8463203463203466 -0.4423076923076923
0.9112554112554108 -0.4423076923076923
0.9870129870129869 -0.4807692307692314
1.0735930735930732 -0.5769230769230762
1.1493506493506493 -0.6153846153846152
1.225108225108225 -0.6346153846153857
1.3225108225108229 -0.6153846153846152
1.4740259740259738 -0.5576923076923076
1.5173160173160172 -0.5
1.5930735930735933 -0.3076923076923085
1.6904761904761902 0.038461538461537215
1.7337662337662336 0.2115384615384619
1.8636363636363638 0.461538461538461
1.9610389610389607 0.4807692307692297
2.0476190476190483 0.4230769230769238
2.112554112554112 0.3269230769230771
2.2316017316017325 0.05769230769230771
2.2640692640692643 -0.019230769230768496
2.4264069264069263 -0.5576923076923076
2.545454545454545 -1.0
